3 23
1 4500
1 0
2 125
3 84
4 60
5 500
6 300
7 175
8 350
9 150
10 1100
11 4100
12 225
13 300
14 250
15 500
16 150
17 100
18 250
19 120
20 600
21 500
22 175
23 75
1 1 0.0
1 2 66.0
1 3 58.0
1 4 68.0
1 5 88.0
1 6 91.0
1 7 48.0
1 8 38.0
1 9 63.0
1 10 50.0
1 11 42.0
1 12 23.0
1 13 8.0
1 14 37.0
1 15 51.0
1 16 80.0
1 17 69.0
1 18 74.0
1 19 23.0
1 20 52.0
1 21 71.0
1 22 76.0
1 23 114.0
2 1 66.0
2 2 0.0
2 3 20.0
2 4 26.0
2 5 80.0
2 6 83.0
2 7 18.0
2 8 76.0
2 9 75.0
2 10 50.0
2 11 44.0
2 12 45.0
2 13 58.0
2 14 43.0
2 15 59.0
2 16 54.0
2 17 43.0
2 18 82.0
2 19 87.0
2 20 100.0
2 21 79.0
2 22 142.0
2 23 122.0
3 1 58.0
3 2 20.0
3 3 0.0
3 4 10.0
3 5 100.0
3 6 103.0
3 7 28.0
3 8 68.0
3 9 75.0
3 10 62.0
3 11 54.0
3 12 37.0
3 13 50.0
3 14 49.0
3 15 39.0
3 16 34.0
3 17 23.0
3 18 62.0
3 19 79.0
3 20 92.0
3 21 59.0
3 22 134.0
3 23 102.0
4 1 68.0
4 2 26.0
4 3 10.0
4 4 0.0
4 5 106.0
4 6 109.0
4 7 34.0
4 8 78.0
4 9 81.0
4 10 68.0
4 11 60.0
4 12 47.0
4 13 60.0
4 14 55.0
4 15 33.0
4 16 28.0
4 17 17.0
4 18 56.0
4 19 89.0
4 20 102.0
4 21 65.0
4 22 144.0
4 23 96.0
5 1 88.0
5 2 80.0
5 3 100.0
5 4 106.0
5 5 0.0
5 6 5.0
5 7 72.0
5 8 50.0
5 9 25.0
5 10 38.0
5 11 46.0
5 12 65.0
5 13 82.0
5 14 51.0
5 15 139.0
5 16 134.0
5 17 123.0
5 18 162.0
5 19 111.0
5 20 140.0
5 21 159.0
5 22 66.0
5 23 202.0
6 1 91.0
6 2 83.0
6 3 103.0
6 4 109.0
6 5 5.0
6 6 0.0
6 7 75.0
6 8 53.0
6 9 28.0
6 10 41.0
6 11 49.0
6 12 68.0
6 13 85.0
6 14 54.0
6 15 142.0
6 16 137.0
6 17 126.0
6 18 165.0
6 19 114.0
6 20 143.0
6 21 162.0
6 22 71.0
6 23 205.0
7 1 48.0
7 2 18.0
7 3 28.0
7 4 34.0
7 5 72.0
7 6 75.0
7 7 0.0
7 8 58.0
7 9 57.0
7 10 34.0
7 11 26.0
7 12 27.0
7 13 40.0
7 14 25.0
7 15 67.0
7 16 62.0
7 17 51.0
7 18 90.0
7 19 69.0
7 20 82.0
7 21 87.0
7 22 124.0
7 23 130.0
8 1 38.0
8 2 76.0
8 3 68.0
8 4 78.0
8 5 50.0
8 6 53.0
8 7 58.0
8 8 0.0
8 9 25.0
8 10 26.0
8 11 32.0
8 12 31.0
8 13 32.0
8 14 33.0
8 15 89.0
8 16 90.0
8 17 79.0
8 18 112.0
8 19 61.0
8 20 90.0
8 21 109.0
8 22 66.0
8 23 152.0
9 1 63.0
9 2 75.0
9 3 75.0
9 4 81.0
9 5 25.0
9 6 28.0
9 7 57.0
9 8 25.0
9 9 0.0
9 10 25.0
9 11 31.0
9 12 40.0
9 13 57.0
9 14 32.0
9 15 114.0
9 16 109.0
9 17 98.0
9 18 137.0
9 19 86.0
9 20 115.0
9 21 134.0
9 22 67.0
9 23 177.0
10 1 50.0
10 2 50.0
10 3 62.0
10 4 68.0
10 5 38.0
10 6 41.0
10 7 34.0
10 8 26.0
10 9 25.0
10 10 0.0
10 11 8.0
10 12 27.0
10 13 44.0
10 14 13.0
10 15 101.0
10 16 96.0
10 17 85.0
10 18 124.0
10 19 73.0
10 20 102.0
10 21 121.0
10 22 92.0
10 23 164.0
11 1 42.0
11 2 44.0
11 3 54.0
11 4 60.0
11 5 46.0
11 6 49.0
11 7 26.0
11 8 32.0
11 9 31.0
11 10 8.0
11 11 0.0
11 12 19.0
11 13 36.0
11 14 5.0
11 15 93.0
11 16 88.0
11 17 77.0
11 18 116.0
11 19 65.0
11 20 94.0
11 21 113.0
11 22 98.0
11 23 156.0
12 1 23.0
12 2 45.0
12 3 37.0
12 4 47.0
12 5 65.0
12 6 68.0
12 7 27.0
12 8 31.0
12 9 40.0
12 10 27.0
12 11 19.0
12 12 0.0
12 13 17.0
12 14 14.0
12 15 74.0
12 16 69.0
12 17 58.0
12 18 97.0
12 19 46.0
12 20 75.0
12 21 94.0
12 22 97.0
12 23 137.0
13 1 8.0
13 2 58.0
13 3 50.0
13 4 60.0
13 5 82.0
13 6 85.0
13 7 40.0
13 8 32.0
13 9 57.0
13 10 44.0
13 11 36.0
13 12 17.0
13 13 0.0
13 14 31.0
13 15 57.0
13 16 72.0
13 17 61.0
13 18 80.0
13 19 29.0
13 20 58.0
13 21 77.0
13 22 84.0
13 23 120.0
14 1 37.0
14 2 43.0
14 3 49.0
14 4 55.0
14 5 51.0
14 6 54.0
14 7 25.0
14 8 33.0
14 9 32.0
14 10 13.0
14 11 5.0
14 12 14.0
14 13 31.0
14 14 0.0
14 15 88.0
14 16 83.0
14 17 72.0
14 18 111.0
14 19 60.0
14 20 89.0
14 21 108.0
14 22 99.0
14 23 151.0
15 1 51.0
15 2 59.0
15 3 39.0
15 4 33.0
15 5 139.0
15 6 142.0
15 7 67.0
15 8 89.0
15 9 114.0
15 10 101.0
15 11 93.0
15 12 74.0
15 13 57.0
15 14 88.0
15 15 0.0
15 16 33.0
15 17 22.0
15 18 23.0
15 19 68.0
15 20 81.0
15 21 44.0
15 22 123.0
15 23 63.0
16 1 80.0
16 2 54.0
16 3 34.0
16 4 28.0
16 5 134.0
16 6 137.0
16 7 62.0
16 8 90.0
16 9 109.0
16 10 96.0
16 11 88.0
16 12 69.0
16 13 72.0
16 14 83.0
16 15 33.0
16 16 0.0
16 17 11.0
16 18 28.0
16 19 101.0
16 20 114.0
16 21 77.0
16 22 156.0
16 23 74.0
17 1 69.0
17 2 43.0
17 3 23.0
17 4 17.0
17 5 123.0
17 6 126.0
17 7 51.0
17 8 79.0
17 9 98.0
17 10 85.0
17 11 77.0
17 12 58.0
17 13 61.0
17 14 72.0
17 15 22.0
17 16 11.0
17 17 0.0
17 18 39.0
17 19 90.0
17 20 103.0
17 21 66.0
17 22 145.0
17 23 79.0
18 1 74.0
18 2 82.0
18 3 62.0
18 4 56.0
18 5 162.0
18 6 165.0
18 7 90.0
18 8 112.0
18 9 137.0
18 10 124.0
18 11 116.0
18 12 97.0
18 13 80.0
18 14 111.0
18 15 23.0
18 16 28.0
18 17 39.0
18 18 0.0
18 19 73.0
18 20 86.0
18 21 49.0
18 22 128.0
18 23 46.0
19 1 23.0
19 2 87.0
19 3 79.0
19 4 89.0
19 5 111.0
19 6 114.0
19 7 69.0
19 8 61.0
19 9 86.0
19 10 73.0
19 11 65.0
19 12 46.0
19 13 29.0
19 14 60.0
19 15 68.0
19 16 101.0
19 17 90.0
19 18 73.0
19 19 0.0
19 20 29.0
19 21 48.0
19 22 63.0
19 23 91.0
20 1 52.0
20 2 100.0
20 3 92.0
20 4 102.0
20 5 140.0
20 6 143.0
20 7 82.0
20 8 90.0
20 9 115.0
20 10 102.0
20 11 94.0
20 12 75.0
20 13 58.0
20 14 89.0
20 15 81.0
20 16 114.0
20 17 103.0
20 18 86.0
20 19 29.0
20 20 0.0
20 21 37.0
20 22 92.0
20 23 62.0
21 1 71.0
21 2 79.0
21 3 59.0
21 4 65.0
21 5 159.0
21 6 162.0
21 7 87.0
21 8 109.0
21 9 134.0
21 10 121.0
21 11 113.0
21 12 94.0
21 13 77.0
21 14 108.0
21 15 44.0
21 16 77.0
21 17 66.0
21 18 49.0
21 19 48.0
21 20 37.0
21 21 0.0
21 22 111.0
21 23 43.0
22 1 76.0
22 2 142.0
22 3 134.0
22 4 144.0
22 5 66.0
22 6 71.0
22 7 124.0
22 8 66.0
22 9 67.0
22 10 92.0
22 11 98.0
22 12 97.0
22 13 84.0
22 14 99.0
22 15 123.0
22 16 156.0
22 17 145.0
22 18 128.0
22 19 63.0
22 20 92.0
22 21 111.0
22 22 0.0
22 23 154.0
23 1 114.0
23 2 122.0
23 3 102.0
23 4 96.0
23 5 202.0
23 6 205.0
23 7 130.0
23 8 152.0
23 9 177.0
23 10 164.0
23 11 156.0
23 12 137.0
23 13 120.0
23 14 151.0
23 15 63.0
23 16 74.0
23 17 79.0
23 18 46.0
23 19 91.0
23 20 62.0
23 21 43.0
23 22 154.0
23 23 0.0
