4 22
1 6000
1 0
2 1100
3 700
4 800
5 1400
6 2100
7 400
8 800
9 100
10 500
11 600
12 1200
13 1300
14 1300
15 300
16 900
17 2100
18 1000
19 900
20 2500
21 1800
22 700
1 1 0.0
1 2 55.0
1 3 60.0
1 4 54.0
1 5 54.0
1 6 50.0
1 7 32.0
1 8 43.0
1 9 27.0
1 10 39.0
1 11 20.0
1 12 33.0
1 13 13.0
1 14 17.0
1 15 8.0
1 16 26.0
1 17 13.0
1 18 24.0
1 19 41.0
1 20 42.0
1 21 40.0
1 22 39.0
2 1 55.0
2 2 0.0
2 3 11.0
2 4 31.0
2 5 35.0
2 6 29.0
2 7 23.0
2 8 32.0
2 9 34.0
2 10 40.0
2 11 35.0
2 12 56.0
2 13 52.0
2 14 72.0
2 15 61.0
2 16 69.0
2 17 68.0
2 18 75.0
2 19 84.0
2 20 97.0
2 21 83.0
2 22 94.0
3 1 60.0
3 2 11.0
3 3 0.0
3 4 36.0
3 5 40.0
3 6 18.0
3 7 28.0
3 8 21.0
3 9 39.0
3 10 29.0
3 11 40.0
3 12 61.0
3 13 47.0
3 14 77.0
3 15 66.0
3 16 58.0
3 17 73.0
3 18 80.0
3 19 73.0
3 20 102.0
3 21 80.0
3 22 99.0
4 1 54.0
4 2 31.0
4 3 36.0
4 4 0.0
4 5 4.0
4 6 40.0
4 7 24.0
4 8 43.0
4 9 27.0
4 10 51.0
4 11 40.0
4 12 25.0
4 13 63.0
4 14 41.0
4 15 62.0
4 16 80.0
4 17 59.0
4 18 78.0
4 19 95.0
4 20 66.0
4 21 94.0
4 22 81.0
5 1 54.0
5 2 35.0
5 3 40.0
5 4 4.0
5 5 0.0
5 6 40.0
5 7 24.0
5 8 43.0
5 9 27.0
5 10 51.0
5 11 40.0
5 12 21.0
5 13 63.0
5 14 39.0
5 15 62.0
5 16 80.0
5 17 59.0
5 18 78.0
5 19 95.0
5 20 64.0
5 21 94.0
5 22 81.0
6 1 50.0
6 2 29.0
6 3 18.0
6 4 40.0
6 5 40.0
6 6 0.0
6 7 18.0
6 8 7.0
6 9 29.0
6 10 11.0
6 11 30.0
6 12 51.0
6 13 37.0
6 14 67.0
6 15 56.0
6 16 40.0
6 17 63.0
6 18 70.0
6 19 55.0
6 20 92.0
6 21 70.0
6 22 89.0
7 1 32.0
7 2 23.0
7 3 28.0
7 4 24.0
7 5 24.0
7 6 18.0
7 7 0.0
7 8 19.0
7 9 11.0
7 10 27.0
7 11 16.0
7 12 33.0
7 13 39.0
7 14 49.0
7 15 38.0
7 16 56.0
7 17 45.0
7 18 54.0
7 19 71.0
7 20 74.0
7 21 70.0
7 22 71.0
8 1 43.0
8 2 32.0
8 3 21.0
8 4 43.0
8 5 43.0
8 6 7.0
8 7 19.0
8 8 0.0
8 9 22.0
8 10 8.0
8 11 23.0
8 12 44.0
8 13 30.0
8 14 60.0
8 15 49.0
8 16 37.0
8 17 56.0
8 18 63.0
8 19 52.0
8 20 85.0
8 21 63.0
8 22 82.0
9 1 27.0
9 2 34.0
9 3 39.0
9 4 27.0
9 5 27.0
9 6 29.0
9 7 11.0
9 8 22.0
9 9 0.0
9 10 24.0
9 11 13.0
9 12 22.0
9 13 36.0
9 14 38.0
9 15 35.0
9 16 53.0
9 17 34.0
9 18 51.0
9 19 68.0
9 20 63.0
9 21 67.0
9 22 60.0
10 1 39.0
10 2 40.0
10 3 29.0
10 4 51.0
10 5 51.0
10 6 11.0
10 7 27.0
10 8 8.0
10 9 24.0
10 10 0.0
10 11 19.0
10 12 40.0
10 13 26.0
10 14 56.0
10 15 45.0
10 16 29.0
10 17 52.0
10 18 59.0
10 19 44.0
10 20 81.0
10 21 59.0
10 22 78.0
11 1 20.0
11 2 35.0
11 3 40.0
11 4 40.0
11 5 40.0
11 6 30.0
11 7 16.0
11 8 23.0
11 9 13.0
11 10 19.0
11 11 0.0
11 12 21.0
11 13 23.0
11 14 37.0
11 15 26.0
11 16 40.0
11 17 33.0
11 18 40.0
11 19 55.0
11 20 62.0
11 21 54.0
11 22 59.0
12 1 33.0
12 2 56.0
12 3 61.0
12 4 25.0
12 5 21.0
12 6 51.0
12 7 33.0
12 8 44.0
12 9 22.0
12 10 40.0
12 11 21.0
12 12 0.0
12 13 42.0
12 14 18.0
12 15 41.0
12 16 59.0
12 17 38.0
12 18 57.0
12 19 74.0
12 20 43.0
12 21 73.0
12 22 60.0
13 1 13.0
13 2 52.0
13 3 47.0
13 4 63.0
13 5 63.0
13 6 37.0
13 7 39.0
13 8 30.0
13 9 36.0
13 10 26.0
13 11 23.0
13 12 42.0
13 13 0.0
13 14 30.0
13 15 19.0
13 16 17.0
13 17 26.0
13 18 33.0
13 19 32.0
13 20 55.0
13 21 33.0
13 22 52.0
14 1 17.0
14 2 72.0
14 3 77.0
14 4 41.0
14 5 39.0
14 6 67.0
14 7 49.0
14 8 60.0
14 9 38.0
14 10 56.0
14 11 37.0
14 12 18.0
14 13 30.0
14 14 0.0
14 15 23.0
14 16 41.0
14 17 20.0
14 18 39.0
14 19 56.0
14 20 25.0
14 21 55.0
14 22 42.0
15 1 8.0
15 2 61.0
15 3 66.0
15 4 62.0
15 5 62.0
15 6 56.0
15 7 38.0
15 8 49.0
15 9 35.0
15 10 45.0
15 11 26.0
15 12 41.0
15 13 19.0
15 14 23.0
15 15 0.0
15 16 18.0
15 17 7.0
15 18 16.0
15 19 33.0
15 20 36.0
15 21 32.0
15 22 33.0
16 1 26.0
16 2 69.0
16 3 58.0
16 4 80.0
16 5 80.0
16 6 40.0
16 7 56.0
16 8 37.0
16 9 53.0
16 10 29.0
16 11 40.0
16 12 59.0
16 13 17.0
16 14 41.0
16 15 18.0
16 16 0.0
16 17 25.0
16 18 32.0
16 19 15.0
16 20 54.0
16 21 32.0
16 22 51.0
17 1 13.0
17 2 68.0
17 3 73.0
17 4 59.0
17 5 59.0
17 6 63.0
17 7 45.0
17 8 56.0
17 9 34.0
17 10 52.0
17 11 33.0
17 12 38.0
17 13 26.0
17 14 20.0
17 15 7.0
17 16 25.0
17 17 0.0
17 18 19.0
17 19 36.0
17 20 29.0
17 21 35.0
17 22 26.0
18 1 24.0
18 2 75.0
18 3 80.0
18 4 78.0
18 5 78.0
18 6 70.0
18 7 54.0
18 8 63.0
18 9 51.0
18 10 59.0
18 11 40.0
18 12 57.0
18 13 33.0
18 14 39.0
18 15 16.0
18 16 32.0
18 17 19.0
18 18 0.0
18 19 17.0
18 20 22.0
18 21 16.0
18 22 19.0
19 1 41.0
19 2 84.0
19 3 73.0
19 4 95.0
19 5 95.0
19 6 55.0
19 7 71.0
19 8 52.0
19 9 68.0
19 10 44.0
19 11 55.0
19 12 74.0
19 13 32.0
19 14 56.0
19 15 33.0
19 16 15.0
19 17 36.0
19 18 17.0
19 19 0.0
19 20 39.0
19 21 17.0
19 22 36.0
20 1 42.0
20 2 97.0
20 3 102.0
20 4 66.0
20 5 64.0
20 6 92.0
20 7 74.0
20 8 85.0
20 9 63.0
20 10 81.0
20 11 62.0
20 12 43.0
20 13 55.0
20 14 25.0
20 15 36.0
20 16 54.0
20 17 29.0
20 18 22.0
20 19 39.0
20 20 0.0
20 21 30.0
20 22 17.0
21 1 40.0
21 2 83.0
21 3 80.0
21 4 94.0
21 5 94.0
21 6 70.0
21 7 70.0
21 8 63.0
21 9 67.0
21 10 59.0
21 11 54.0
21 12 73.0
21 13 33.0
21 14 55.0
21 15 32.0
21 16 32.0
21 17 35.0
21 18 16.0
21 19 17.0
21 20 30.0
21 21 0.0
21 22 19.0
22 1 39.0
22 2 94.0
22 3 99.0
22 4 81.0
22 5 81.0
22 6 89.0
22 7 71.0
22 8 82.0
22 9 60.0
22 10 78.0
22 11 59.0
22 12 60.0
22 13 52.0
22 14 42.0
22 15 33.0
22 16 51.0
22 17 26.0
22 18 19.0
22 19 36.0
22 20 17.0
22 21 19.0
22 22 0.0
