4 33
1 8000
1 0
2 700
3 400
4 400
5 1200
6 40
7 80
8 2000
9 900
10 600
11 750
12 1500
13 150
14 250
15 1600
16 450
17 700
18 550
19 650
20 200
21 400
22 300
23 1300
24 700
25 750
26 1400
27 4000
28 600
29 1000
30 500
31 2500
32 1700
33 1100
1 1 0.0
1 2 74.0
1 3 67.0
1 4 46.0
1 5 64.0
1 6 84.0
1 7 87.0
1 8 88.0
1 9 93.0
1 10 94.0
1 11 97.0
1 12 82.0
1 13 72.0
1 14 80.0
1 15 75.0
1 16 81.0
1 17 142.0
1 18 90.0
1 19 111.0
1 20 111.0
1 21 133.0
1 22 126.0
1 23 123.0
1 24 138.0
1 25 125.0
1 26 96.0
1 27 98.0
1 28 109.0
1 29 115.0
1 30 109.0
1 31 71.0
1 32 63.0
1 33 89.0
2 1 74.0
2 2 0.0
2 3 29.0
2 4 46.0
2 5 86.0
2 6 34.0
2 7 33.0
2 8 34.0
2 9 31.0
2 10 32.0
2 11 27.0
2 12 24.0
2 13 28.0
2 14 6.0
2 15 11.0
2 16 11.0
2 17 80.0
2 18 18.0
2 19 37.0
2 20 37.0
2 21 59.0
2 22 52.0
2 23 49.0
2 24 64.0
2 25 51.0
2 26 28.0
2 27 36.0
2 28 47.0
2 29 53.0
2 30 47.0
2 31 33.0
2 32 15.0
2 33 27.0
3 1 67.0
3 2 29.0
3 3 0.0
3 4 21.0
3 5 57.0
3 6 17.0
3 7 20.0
3 8 21.0
3 9 26.0
3 10 27.0
3 11 30.0
3 12 15.0
3 13 5.0
3 14 23.0
3 15 40.0
3 16 40.0
3 17 109.0
3 18 47.0
3 19 44.0
3 20 44.0
3 21 66.0
3 22 59.0
3 23 56.0
3 24 71.0
3 25 68.0
3 26 57.0
3 27 65.0
3 28 76.0
3 29 82.0
3 30 76.0
3 31 38.0
3 32 30.0
3 33 22.0
4 1 46.0
4 2 46.0
4 3 21.0
4 4 0.0
4 5 40.0
4 6 38.0
4 7 41.0
4 8 42.0
4 9 47.0
4 10 48.0
4 11 51.0
4 12 36.0
4 13 26.0
4 14 40.0
4 15 57.0
4 16 57.0
4 17 126.0
4 18 64.0
4 19 65.0
4 20 65.0
4 21 87.0
4 22 80.0
4 23 77.0
4 24 92.0
4 25 85.0
4 26 74.0
4 27 82.0
4 28 93.0
4 29 99.0
4 30 93.0
4 31 55.0
4 32 47.0
4 33 43.0
5 1 64.0
5 2 86.0
5 3 57.0
5 4 40.0
5 5 0.0
5 6 52.0
5 7 53.0
5 8 52.0
5 9 55.0
5 10 54.0
5 11 59.0
5 12 62.0
5 13 58.0
5 14 80.0
5 15 97.0
5 16 97.0
5 17 166.0
5 18 104.0
5 19 89.0
5 20 91.0
5 21 99.0
5 22 92.0
5 23 103.0
5 24 120.0
5 25 125.0
5 26 114.0
5 27 122.0
5 28 133.0
5 29 139.0
5 30 133.0
5 31 95.0
5 32 87.0
5 33 59.0
6 1 84.0
6 2 34.0
6 3 17.0
6 4 38.0
6 5 52.0
6 6 0.0
6 7 3.0
6 8 4.0
6 9 9.0
6 10 10.0
6 11 13.0
6 12 10.0
6 13 12.0
6 14 28.0
6 15 45.0
6 16 45.0
6 17 114.0
6 18 52.0
6 19 37.0
6 20 39.0
6 21 49.0
6 22 42.0
6 23 51.0
6 24 68.0
6 25 73.0
6 26 62.0
6 27 70.0
6 28 81.0
6 29 87.0
6 30 81.0
6 31 43.0
6 32 35.0
6 33 7.0
7 1 87.0
7 2 33.0
7 3 20.0
7 4 41.0
7 5 53.0
7 6 3.0
7 7 0.0
7 8 1.0
7 9 6.0
7 10 7.0
7 11 10.0
7 12 9.0
7 13 15.0
7 14 27.0
7 15 44.0
7 16 44.0
7 17 113.0
7 18 51.0
7 19 36.0
7 20 38.0
7 21 46.0
7 22 39.0
7 23 50.0
7 24 67.0
7 25 72.0
7 26 61.0
7 27 69.0
7 28 80.0
7 29 86.0
7 30 80.0
7 31 46.0
7 32 34.0
7 33 6.0
8 1 88.0
8 2 34.0
8 3 21.0
8 4 42.0
8 5 52.0
8 6 4.0
8 7 1.0
8 8 0.0
8 9 5.0
8 10 6.0
8 11 9.0
8 12 10.0
8 13 16.0
8 14 28.0
8 15 45.0
8 16 45.0
8 17 114.0
8 18 52.0
8 19 37.0
8 20 39.0
8 21 47.0
8 22 40.0
8 23 51.0
8 24 68.0
8 25 73.0
8 26 62.0
8 27 70.0
8 28 81.0
8 29 87.0
8 30 81.0
8 31 47.0
8 32 35.0
8 33 7.0
9 1 93.0
9 2 31.0
9 3 26.0
9 4 47.0
9 5 55.0
9 6 9.0
9 7 6.0
9 8 5.0
9 9 0.0
9 10 1.0
9 11 4.0
9 12 11.0
9 13 21.0
9 14 25.0
9 15 42.0
9 16 42.0
9 17 111.0
9 18 49.0
9 19 34.0
9 20 36.0
9 21 44.0
9 22 37.0
9 23 48.0
9 24 65.0
9 25 70.0
9 26 59.0
9 27 67.0
9 28 78.0
9 29 84.0
9 30 78.0
9 31 52.0
9 32 34.0
9 33 4.0
10 1 94.0
10 2 32.0
10 3 27.0
10 4 48.0
10 5 54.0
10 6 10.0
10 7 7.0
10 8 6.0
10 9 1.0
10 10 0.0
10 11 5.0
10 12 12.0
10 13 22.0
10 14 26.0
10 15 43.0
10 16 43.0
10 17 112.0
10 18 50.0
10 19 35.0
10 20 37.0
10 21 45.0
10 22 38.0
10 23 49.0
10 24 66.0
10 25 71.0
10 26 60.0
10 27 68.0
10 28 79.0
10 29 85.0
10 30 79.0
10 31 53.0
10 32 35.0
10 33 5.0
11 1 97.0
11 2 27.0
11 3 30.0
11 4 51.0
11 5 59.0
11 6 13.0
11 7 10.0
11 8 9.0
11 9 4.0
11 10 5.0
11 11 0.0
11 12 15.0
11 13 25.0
11 14 21.0
11 15 38.0
11 16 38.0
11 17 107.0
11 18 45.0
11 19 30.0
11 20 32.0
11 21 40.0
11 22 33.0
11 23 44.0
11 24 61.0
11 25 66.0
11 26 55.0
11 27 63.0
11 28 74.0
11 29 80.0
11 30 74.0
11 31 56.0
11 32 38.0
11 33 8.0
12 1 82.0
12 2 24.0
12 3 15.0
12 4 36.0
12 5 62.0
12 6 10.0
12 7 9.0
12 8 10.0
12 9 11.0
12 10 12.0
12 11 15.0
12 12 0.0
12 13 10.0
12 14 18.0
12 15 35.0
12 16 35.0
12 17 104.0
12 18 42.0
12 19 29.0
12 20 29.0
12 21 51.0
12 22 44.0
12 23 41.0
12 24 58.0
12 25 63.0
12 26 52.0
12 27 60.0
12 28 71.0
12 29 77.0
12 30 71.0
12 31 41.0
12 32 25.0
12 33 7.0
13 1 72.0
13 2 28.0
13 3 5.0
13 4 26.0
13 5 58.0
13 6 12.0
13 7 15.0
13 8 16.0
13 9 21.0
13 10 22.0
13 11 25.0
13 12 10.0
13 13 0.0
13 14 22.0
13 15 39.0
13 16 39.0
13 17 108.0
13 18 46.0
13 19 39.0
13 20 39.0
13 21 61.0
13 22 54.0
13 23 51.0
13 24 66.0
13 25 67.0
13 26 56.0
13 27 64.0
13 28 75.0
13 29 81.0
13 30 75.0
13 31 37.0
13 32 29.0
13 33 17.0
14 1 80.0
14 2 6.0
14 3 23.0
14 4 40.0
14 5 80.0
14 6 28.0
14 7 27.0
14 8 28.0
14 9 25.0
14 10 26.0
14 11 21.0
14 12 18.0
14 13 22.0
14 14 0.0
14 15 17.0
14 16 17.0
14 17 86.0
14 18 24.0
14 19 31.0
14 20 31.0
14 21 53.0
14 22 46.0
14 23 43.0
14 24 58.0
14 25 45.0
14 26 34.0
14 27 42.0
14 28 53.0
14 29 59.0
14 30 53.0
14 31 39.0
14 32 21.0
14 33 21.0
15 1 75.0
15 2 11.0
15 3 40.0
15 4 57.0
15 5 97.0
15 6 45.0
15 7 44.0
15 8 45.0
15 9 42.0
15 10 43.0
15 11 38.0
15 12 35.0
15 13 39.0
15 14 17.0
15 15 0.0
15 16 6.0
15 17 69.0
15 18 15.0
15 19 36.0
15 20 36.0
15 21 58.0
15 22 51.0
15 23 48.0
15 24 63.0
15 25 50.0
15 26 21.0
15 27 25.0
15 28 36.0
15 29 42.0
15 30 36.0
15 31 34.0
15 32 16.0
15 33 38.0
16 1 81.0
16 2 11.0
16 3 40.0
16 4 57.0
16 5 97.0
16 6 45.0
16 7 44.0
16 8 45.0
16 9 42.0
16 10 43.0
16 11 38.0
16 12 35.0
16 13 39.0
16 14 17.0
16 15 6.0
16 16 0.0
16 17 69.0
16 18 9.0
16 19 30.0
16 20 30.0
16 21 52.0
16 22 45.0
16 23 42.0
16 24 57.0
16 25 44.0
16 26 17.0
16 27 25.0
16 28 36.0
16 29 42.0
16 30 36.0
16 31 40.0
16 32 22.0
16 33 38.0
17 1 142.0
17 2 80.0
17 3 109.0
17 4 126.0
17 5 166.0
17 6 114.0
17 7 113.0
17 8 114.0
17 9 111.0
17 10 112.0
17 11 107.0
17 12 104.0
17 13 108.0
17 14 86.0
17 15 69.0
17 16 69.0
17 17 0.0
17 18 62.0
17 19 77.0
17 20 75.0
17 21 67.0
17 22 74.0
17 23 63.0
17 24 58.0
17 25 45.0
17 26 52.0
17 27 44.0
17 28 33.0
17 29 27.0
17 30 33.0
17 31 71.0
17 32 79.0
17 33 107.0
18 1 90.0
18 2 18.0
18 3 47.0
18 4 64.0
18 5 104.0
18 6 52.0
18 7 51.0
18 8 52.0
18 9 49.0
18 10 50.0
18 11 45.0
18 12 42.0
18 13 46.0
18 14 24.0
18 15 15.0
18 16 9.0
18 17 62.0
18 18 0.0
18 19 21.0
18 20 21.0
18 21 43.0
18 22 36.0
18 23 33.0
18 24 48.0
18 25 35.0
18 26 10.0
18 27 18.0
18 28 29.0
18 29 35.0
18 30 37.0
18 31 49.0
18 32 31.0
18 33 45.0
19 1 111.0
19 2 37.0
19 3 44.0
19 4 65.0
19 5 89.0
19 6 37.0
19 7 36.0
19 8 37.0
19 9 34.0
19 10 35.0
19 11 30.0
19 12 29.0
19 13 39.0
19 14 31.0
19 15 36.0
19 16 30.0
19 17 77.0
19 18 21.0
19 19 0.0
19 20 2.0
19 21 22.0
19 22 15.0
19 23 14.0
19 24 31.0
19 25 36.0
19 26 25.0
19 27 33.0
19 28 44.0
19 29 50.0
19 30 58.0
19 31 70.0
19 32 52.0
19 33 30.0
20 1 111.0
20 2 37.0
20 3 44.0
20 4 65.0
20 5 91.0
20 6 39.0
20 7 38.0
20 8 39.0
20 9 36.0
20 10 37.0
20 11 32.0
20 12 29.0
20 13 39.0
20 14 31.0
20 15 36.0
20 16 30.0
20 17 75.0
20 18 21.0
20 19 2.0
20 20 0.0
20 21 22.0
20 22 15.0
20 23 12.0
20 24 29.0
20 25 34.0
20 26 23.0
20 27 31.0
20 28 42.0
20 29 48.0
20 30 58.0
20 31 70.0
20 32 52.0
20 33 32.0
21 1 133.0
21 2 59.0
21 3 66.0
21 4 87.0
21 5 99.0
21 6 49.0
21 7 46.0
21 8 47.0
21 9 44.0
21 10 45.0
21 11 40.0
21 12 51.0
21 13 61.0
21 14 53.0
21 15 58.0
21 16 52.0
21 17 67.0
21 18 43.0
21 19 22.0
21 20 22.0
21 21 0.0
21 22 7.0
21 23 10.0
21 24 21.0
21 25 26.0
21 26 37.0
21 27 53.0
21 28 50.0
21 29 60.0
21 30 80.0
21 31 92.0
21 32 74.0
21 33 44.0
22 1 126.0
22 2 52.0
22 3 59.0
22 4 80.0
22 5 92.0
22 6 42.0
22 7 39.0
22 8 40.0
22 9 37.0
22 10 38.0
22 11 33.0
22 12 44.0
22 13 54.0
22 14 46.0
22 15 51.0
22 16 45.0
22 17 74.0
22 18 36.0
22 19 15.0
22 20 15.0
22 21 7.0
22 22 0.0
22 23 11.0
22 24 28.0
22 25 33.0
22 26 30.0
22 27 46.0
22 28 43.0
22 29 53.0
22 30 73.0
22 31 85.0
22 32 67.0
22 33 37.0
23 1 123.0
23 2 49.0
23 3 56.0
23 4 77.0
23 5 103.0
23 6 51.0
23 7 50.0
23 8 51.0
23 9 48.0
23 10 49.0
23 11 44.0
23 12 41.0
23 13 51.0
23 14 43.0
23 15 48.0
23 16 42.0
23 17 63.0
23 18 33.0
23 19 14.0
23 20 12.0
23 21 10.0
23 22 11.0
23 23 0.0
23 24 17.0
23 25 22.0
23 26 27.0
23 27 43.0
23 28 40.0
23 29 50.0
23 30 70.0
23 31 82.0
23 32 64.0
23 33 44.0
24 1 138.0
24 2 64.0
24 3 71.0
24 4 92.0
24 5 120.0
24 6 68.0
24 7 67.0
24 8 68.0
24 9 65.0
24 10 66.0
24 11 61.0
24 12 58.0
24 13 66.0
24 14 58.0
24 15 63.0
24 16 57.0
24 17 58.0
24 18 48.0
24 19 31.0
24 20 29.0
24 21 21.0
24 22 28.0
24 23 17.0
24 24 0.0
24 25 13.0
24 26 42.0
24 27 58.0
24 28 55.0
24 29 65.0
24 30 85.0
24 31 97.0
24 32 79.0
24 33 61.0
25 1 125.0
25 2 51.0
25 3 68.0
25 4 85.0
25 5 125.0
25 6 73.0
25 7 72.0
25 8 73.0
25 9 70.0
25 10 71.0
25 11 66.0
25 12 63.0
25 13 67.0
25 14 45.0
25 15 50.0
25 16 44.0
25 17 45.0
25 18 35.0
25 19 36.0
25 20 34.0
25 21 26.0
25 22 33.0
25 23 22.0
25 24 13.0
25 25 0.0
25 26 29.0
25 27 45.0
25 28 42.0
25 29 52.0
25 30 72.0
25 31 84.0
25 32 66.0
25 33 66.0
26 1 96.0
26 2 28.0
26 3 57.0
26 4 74.0
26 5 114.0
26 6 62.0
26 7 61.0
26 8 62.0
26 9 59.0
26 10 60.0
26 11 55.0
26 12 52.0
26 13 56.0
26 14 34.0
26 15 21.0
26 16 17.0
26 17 52.0
26 18 10.0
26 19 25.0
26 20 23.0
26 21 37.0
26 22 30.0
26 23 27.0
26 24 42.0
26 25 29.0
26 26 0.0
26 27 16.0
26 28 19.0
26 29 25.0
26 30 43.0
26 31 55.0
26 32 37.0
26 33 55.0
27 1 98.0
27 2 36.0
27 3 65.0
27 4 82.0
27 5 122.0
27 6 70.0
27 7 69.0
27 8 70.0
27 9 67.0
27 10 68.0
27 11 63.0
27 12 60.0
27 13 64.0
27 14 42.0
27 15 25.0
27 16 25.0
27 17 44.0
27 18 18.0
27 19 33.0
27 20 31.0
27 21 53.0
27 22 46.0
27 23 43.0
27 24 58.0
27 25 45.0
27 26 16.0
27 27 0.0
27 28 11.0
27 29 17.0
27 30 27.0
27 31 39.0
27 32 35.0
27 33 63.0
28 1 109.0
28 2 47.0
28 3 76.0
28 4 93.0
28 5 133.0
28 6 81.0
28 7 80.0
28 8 81.0
28 9 78.0
28 10 79.0
28 11 74.0
28 12 71.0
28 13 75.0
28 14 53.0
28 15 36.0
28 16 36.0
28 17 33.0
28 18 29.0
28 19 44.0
28 20 42.0
28 21 50.0
28 22 43.0
28 23 40.0
28 24 55.0
28 25 42.0
28 26 19.0
28 27 11.0
28 28 0.0
28 29 10.0
28 30 30.0
28 31 42.0
28 32 46.0
28 33 74.0
29 1 115.0
29 2 53.0
29 3 82.0
29 4 99.0
29 5 139.0
29 6 87.0
29 7 86.0
29 8 87.0
29 9 84.0
29 10 85.0
29 11 80.0
29 12 77.0
29 13 81.0
29 14 59.0
29 15 42.0
29 16 42.0
29 17 27.0
29 18 35.0
29 19 50.0
29 20 48.0
29 21 60.0
29 22 53.0
29 23 50.0
29 24 65.0
29 25 52.0
29 26 25.0
29 27 17.0
29 28 10.0
29 29 0.0
29 30 20.0
29 31 44.0
29 32 52.0
29 33 80.0
30 1 109.0
30 2 47.0
30 3 76.0
30 4 93.0
30 5 133.0
30 6 81.0
30 7 80.0
30 8 81.0
30 9 78.0
30 10 79.0
30 11 74.0
30 12 71.0
30 13 75.0
30 14 53.0
30 15 36.0
30 16 36.0
30 17 33.0
30 18 37.0
30 19 58.0
30 20 58.0
30 21 80.0
30 22 73.0
30 23 70.0
30 24 85.0
30 25 72.0
30 26 43.0
30 27 27.0
30 28 30.0
30 29 20.0
30 30 0.0
30 31 38.0
30 32 46.0
30 33 74.0
31 1 71.0
31 2 33.0
31 3 38.0
31 4 55.0
31 5 95.0
31 6 43.0
31 7 46.0
31 8 47.0
31 9 52.0
31 10 53.0
31 11 56.0
31 12 41.0
31 13 37.0
31 14 39.0
31 15 34.0
31 16 40.0
31 17 71.0
31 18 49.0
31 19 70.0
31 20 70.0
31 21 92.0
31 22 85.0
31 23 82.0
31 24 97.0
31 25 84.0
31 26 55.0
31 27 39.0
31 28 42.0
31 29 44.0
31 30 38.0
31 31 0.0
31 32 18.0
31 33 48.0
32 1 63.0
32 2 15.0
32 3 30.0
32 4 47.0
32 5 87.0
32 6 35.0
32 7 34.0
32 8 35.0
32 9 34.0
32 10 35.0
32 11 38.0
32 12 25.0
32 13 29.0
32 14 21.0
32 15 16.0
32 16 22.0
32 17 79.0
32 18 31.0
32 19 52.0
32 20 52.0
32 21 74.0
32 22 67.0
32 23 64.0
32 24 79.0
32 25 66.0
32 26 37.0
32 27 35.0
32 28 46.0
32 29 52.0
32 30 46.0
32 31 18.0
32 32 0.0
32 33 30.0
33 1 89.0
33 2 27.0
33 3 22.0
33 4 43.0
33 5 59.0
33 6 7.0
33 7 6.0
33 8 7.0
33 9 4.0
33 10 5.0
33 11 8.0
33 12 7.0
33 13 17.0
33 14 21.0
33 15 38.0
33 16 38.0
33 17 107.0
33 18 45.0
33 19 30.0
33 20 32.0
33 21 44.0
33 22 37.0
33 23 44.0
33 24 61.0
33 25 66.0
33 26 55.0
33 27 63.0
33 28 74.0
33 29 80.0
33 30 74.0
33 31 48.0
33 32 30.0
33 33 0.0
