3 30
1 4500
1 0
2 300
3 3100
4 125
5 100
6 200
7 150
8 150
9 450
10 300
11 100
12 950
13 125
14 150
15 150
16 550
17 150
18 100
19 150
20 400
21 300
22 1500
23 100
24 300
25 500
26 800
27 300
28 100
29 150
30 1000
1 1 0.0
1 2 84.0
1 3 60.0
1 4 55.0
1 5 69.0
1 6 78.0
1 7 76.0
1 8 58.0
1 9 52.0
1 10 57.0
1 11 38.0
1 12 43.0
1 13 45.0
1 14 47.0
1 15 55.0
1 16 38.0
1 17 46.0
1 18 60.0
1 19 12.0
1 20 22.0
1 21 24.0
1 22 26.0
1 23 29.0
1 24 15.0
1 25 88.0
1 26 90.0
1 27 65.0
1 28 97.0
1 29 78.0
1 30 83.0
2 1 84.0
2 2 0.0
2 3 24.0
2 4 29.0
2 5 15.0
2 6 18.0
2 7 8.0
2 8 142.0
2 9 136.0
2 10 141.0
2 11 122.0
2 12 127.0
2 13 129.0
2 14 129.0
2 15 139.0
2 16 120.0
2 17 124.0
2 18 144.0
2 19 96.0
2 20 62.0
2 21 60.0
2 22 110.0
2 23 55.0
2 24 99.0
2 25 10.0
2 26 18.0
2 27 41.0
2 28 35.0
2 29 62.0
2 30 21.0
3 1 60.0
3 2 24.0
3 3 0.0
3 4 29.0
3 5 17.0
3 6 18.0
3 7 32.0
3 8 118.0
3 9 112.0
3 10 117.0
3 11 98.0
3 12 103.0
3 13 105.0
3 14 105.0
3 15 115.0
3 16 96.0
3 17 100.0
3 18 120.0
3 19 72.0
3 20 48.0
3 21 40.0
3 22 86.0
3 23 31.0
3 24 75.0
3 25 34.0
3 26 42.0
3 27 65.0
3 28 59.0
3 29 86.0
3 30 45.0
4 1 55.0
4 2 29.0
4 3 29.0
4 4 0.0
4 5 14.0
4 6 23.0
4 7 21.0
4 8 113.0
4 9 107.0
4 10 112.0
4 11 93.0
4 12 98.0
4 13 100.0
4 14 100.0
4 15 110.0
4 16 91.0
4 17 95.0
4 18 115.0
4 19 67.0
4 20 33.0
4 21 31.0
4 22 81.0
4 23 26.0
4 24 70.0
4 25 33.0
4 26 35.0
4 27 36.0
4 28 42.0
4 29 57.0
4 30 28.0
5 1 69.0
5 2 15.0
5 3 17.0
5 4 14.0
5 5 0.0
5 6 11.0
5 7 15.0
5 8 127.0
5 9 121.0
5 10 126.0
5 11 107.0
5 12 112.0
5 13 114.0
5 14 114.0
5 15 124.0
5 16 105.0
5 17 109.0
5 18 129.0
5 19 81.0
5 20 47.0
5 21 45.0
5 22 95.0
5 23 40.0
5 24 84.0
5 25 19.0
5 26 25.0
5 27 48.0
5 28 42.0
5 29 69.0
5 30 28.0
6 1 78.0
6 2 18.0
6 3 18.0
6 4 23.0
6 5 11.0
6 6 0.0
6 7 26.0
6 8 136.0
6 9 130.0
6 10 135.0
6 11 116.0
6 12 121.0
6 13 123.0
6 14 123.0
6 15 133.0
6 16 114.0
6 17 118.0
6 18 138.0
6 19 90.0
6 20 56.0
6 21 54.0
6 22 104.0
6 23 49.0
6 24 93.0
6 25 28.0
6 26 36.0
6 27 59.0
6 28 53.0
6 29 80.0
6 30 39.0
7 1 76.0
7 2 8.0
7 3 32.0
7 4 21.0
7 5 15.0
7 6 26.0
7 7 0.0
7 8 134.0
7 9 128.0
7 10 133.0
7 11 114.0
7 12 119.0
7 13 121.0
7 14 121.0
7 15 131.0
7 16 112.0
7 17 116.0
7 18 136.0
7 19 88.0
7 20 54.0
7 21 52.0
7 22 102.0
7 23 47.0
7 24 91.0
7 25 12.0
7 26 14.0
7 27 33.0
7 28 27.0
7 29 54.0
7 30 13.0
8 1 58.0
8 2 142.0
8 3 118.0
8 4 113.0
8 5 127.0
8 6 136.0
8 7 134.0
8 8 0.0
8 9 38.0
8 10 29.0
8 11 30.0
8 12 29.0
8 13 29.0
8 14 13.0
8 15 41.0
8 16 22.0
8 17 18.0
8 18 24.0
8 19 52.0
8 20 80.0
8 21 82.0
8 22 78.0
8 23 87.0
8 24 53.0
8 25 146.0
8 26 148.0
8 27 123.0
8 28 155.0
8 29 136.0
8 30 141.0
9 1 52.0
9 2 136.0
9 3 112.0
9 4 107.0
9 5 121.0
9 6 130.0
9 7 128.0
9 8 38.0
9 9 0.0
9 10 9.0
9 11 14.0
9 12 9.0
9 13 9.0
9 14 27.0
9 15 3.0
9 16 18.0
9 17 26.0
9 18 14.0
9 19 40.0
9 20 74.0
9 21 76.0
9 22 40.0
9 23 81.0
9 24 37.0
9 25 140.0
9 26 142.0
9 27 117.0
9 28 149.0
9 29 130.0
9 30 135.0
10 1 57.0
10 2 141.0
10 3 117.0
10 4 112.0
10 5 126.0
10 6 135.0
10 7 133.0
10 8 29.0
10 9 9.0
10 10 0.0
10 11 19.0
10 12 14.0
10 13 12.0
10 14 18.0
10 15 12.0
10 16 21.0
10 17 17.0
10 18 5.0
10 19 45.0
10 20 79.0
10 21 81.0
10 22 49.0
10 23 86.0
10 24 42.0
10 25 145.0
10 26 147.0
10 27 122.0
10 28 154.0
10 29 135.0
10 30 140.0
11 1 38.0
11 2 122.0
11 3 98.0
11 4 93.0
11 5 107.0
11 6 116.0
11 7 114.0
11 8 30.0
11 9 14.0
11 10 19.0
11 11 0.0
11 12 5.0
11 13 7.0
11 14 19.0
11 15 17.0
11 16 10.0
11 17 18.0
11 18 22.0
11 19 26.0
11 20 60.0
11 21 62.0
11 22 48.0
11 23 67.0
11 24 23.0
11 25 126.0
11 26 128.0
11 27 103.0
11 28 135.0
11 29 116.0
11 30 121.0
12 1 43.0
12 2 127.0
12 3 103.0
12 4 98.0
12 5 112.0
12 6 121.0
12 7 119.0
12 8 29.0
12 9 9.0
12 10 14.0
12 11 5.0
12 12 0.0
12 13 2.0
12 14 18.0
12 15 12.0
12 16 9.0
12 17 17.0
12 18 17.0
12 19 31.0
12 20 65.0
12 21 67.0
12 22 49.0
12 23 72.0
12 24 28.0
12 25 131.0
12 26 133.0
12 27 108.0
12 28 140.0
12 29 121.0
12 30 126.0
13 1 45.0
13 2 129.0
13 3 105.0
13 4 100.0
13 5 114.0
13 6 123.0
13 7 121.0
13 8 29.0
13 9 9.0
13 10 12.0
13 11 7.0
13 12 2.0
13 13 0.0
13 14 18.0
13 15 12.0
13 16 9.0
13 17 17.0
13 18 15.0
13 19 33.0
13 20 67.0
13 21 69.0
13 22 49.0
13 23 74.0
13 24 30.0
13 25 133.0
13 26 135.0
13 27 110.0
13 28 142.0
13 29 123.0
13 30 128.0
14 1 47.0
14 2 129.0
14 3 105.0
14 4 100.0
14 5 114.0
14 6 123.0
14 7 121.0
14 8 13.0
14 9 27.0
14 10 18.0
14 11 19.0
14 12 18.0
14 13 18.0
14 14 0.0
14 15 30.0
14 16 9.0
14 17 5.0
14 18 15.0
14 19 41.0
14 20 67.0
14 21 69.0
14 22 67.0
14 23 74.0
14 24 42.0
14 25 133.0
14 26 135.0
14 27 110.0
14 28 142.0
14 29 123.0
14 30 128.0
15 1 55.0
15 2 139.0
15 3 115.0
15 4 110.0
15 5 124.0
15 6 133.0
15 7 131.0
15 8 41.0
15 9 3.0
15 10 12.0
15 11 17.0
15 12 12.0
15 13 12.0
15 14 30.0
15 15 0.0
15 16 21.0
15 17 29.0
15 18 17.0
15 19 43.0
15 20 77.0
15 21 79.0
15 22 37.0
15 23 84.0
15 24 40.0
15 25 143.0
15 26 145.0
15 27 120.0
15 28 152.0
15 29 133.0
15 30 138.0
16 1 38.0
16 2 120.0
16 3 96.0
16 4 91.0
16 5 105.0
16 6 114.0
16 7 112.0
16 8 22.0
16 9 18.0
16 10 21.0
16 11 10.0
16 12 9.0
16 13 9.0
16 14 9.0
16 15 21.0
16 16 0.0
16 17 8.0
16 18 24.0
16 19 32.0
16 20 58.0
16 21 60.0
16 22 58.0
16 23 65.0
16 24 33.0
16 25 124.0
16 26 126.0
16 27 101.0
16 28 133.0
16 29 114.0
16 30 119.0
17 1 46.0
17 2 124.0
17 3 100.0
17 4 95.0
17 5 109.0
17 6 118.0
17 7 116.0
17 8 18.0
17 9 26.0
17 10 17.0
17 11 18.0
17 12 17.0
17 13 17.0
17 14 5.0
17 15 29.0
17 16 8.0
17 17 0.0
17 18 20.0
17 19 40.0
17 20 62.0
17 21 64.0
17 22 66.0
17 23 69.0
17 24 41.0
17 25 128.0
17 26 130.0
17 27 105.0
17 28 137.0
17 29 118.0
17 30 123.0
18 1 60.0
18 2 144.0
18 3 120.0
18 4 115.0
18 5 129.0
18 6 138.0
18 7 136.0
18 8 24.0
18 9 14.0
18 10 5.0
18 11 22.0
18 12 17.0
18 13 15.0
18 14 15.0
18 15 17.0
18 16 24.0
18 17 20.0
18 18 0.0
18 19 48.0
18 20 82.0
18 21 84.0
18 22 54.0
18 23 89.0
18 24 45.0
18 25 148.0
18 26 150.0
18 27 125.0
18 28 157.0
18 29 138.0
18 30 143.0
19 1 12.0
19 2 96.0
19 3 72.0
19 4 67.0
19 5 81.0
19 6 90.0
19 7 88.0
19 8 52.0
19 9 40.0
19 10 45.0
19 11 26.0
19 12 31.0
19 13 33.0
19 14 41.0
19 15 43.0
19 16 32.0
19 17 40.0
19 18 48.0
19 19 0.0
19 20 34.0
19 21 36.0
19 22 26.0
19 23 41.0
19 24 3.0
19 25 100.0
19 26 102.0
19 27 77.0
19 28 109.0
19 29 90.0
19 30 95.0
20 1 22.0
20 2 62.0
20 3 48.0
20 4 33.0
20 5 47.0
20 6 56.0
20 7 54.0
20 8 80.0
20 9 74.0
20 10 79.0
20 11 60.0
20 12 65.0
20 13 67.0
20 14 67.0
20 15 77.0
20 16 58.0
20 17 62.0
20 18 82.0
20 19 34.0
20 20 0.0
20 21 8.0
20 22 48.0
20 23 19.0
20 24 37.0
20 25 66.0
20 26 68.0
20 27 43.0
20 28 75.0
20 29 56.0
20 30 61.0
21 1 24.0
21 2 60.0
21 3 40.0
21 4 31.0
21 5 45.0
21 6 54.0
21 7 52.0
21 8 82.0
21 9 76.0
21 10 81.0
21 11 62.0
21 12 67.0
21 13 69.0
21 14 69.0
21 15 79.0
21 16 60.0
21 17 64.0
21 18 84.0
21 19 36.0
21 20 8.0
21 21 0.0
21 22 50.0
21 23 11.0
21 24 39.0
21 25 64.0
21 26 66.0
21 27 41.0
21 28 73.0
21 29 54.0
21 30 59.0
22 1 26.0
22 2 110.0
22 3 86.0
22 4 81.0
22 5 95.0
22 6 104.0
22 7 102.0
22 8 78.0
22 9 40.0
22 10 49.0
22 11 48.0
22 12 49.0
22 13 49.0
22 14 67.0
22 15 37.0
22 16 58.0
22 17 66.0
22 18 54.0
22 19 26.0
22 20 48.0
22 21 50.0
22 22 0.0
22 23 55.0
22 24 25.0
22 25 114.0
22 26 116.0
22 27 91.0
22 28 123.0
22 29 104.0
22 30 109.0
23 1 29.0
23 2 55.0
23 3 31.0
23 4 26.0
23 5 40.0
23 6 49.0
23 7 47.0
23 8 87.0
23 9 81.0
23 10 86.0
23 11 67.0
23 12 72.0
23 13 74.0
23 14 74.0
23 15 84.0
23 16 65.0
23 17 69.0
23 18 89.0
23 19 41.0
23 20 19.0
23 21 11.0
23 22 55.0
23 23 0.0
23 24 44.0
23 25 59.0
23 26 61.0
23 27 36.0
23 28 68.0
23 29 57.0
23 30 54.0
24 1 15.0
24 2 99.0
24 3 75.0
24 4 70.0
24 5 84.0
24 6 93.0
24 7 91.0
24 8 53.0
24 9 37.0
24 10 42.0
24 11 23.0
24 12 28.0
24 13 30.0
24 14 42.0
24 15 40.0
24 16 33.0
24 17 41.0
24 18 45.0
24 19 3.0
24 20 37.0
24 21 39.0
24 22 25.0
24 23 44.0
24 24 0.0
24 25 103.0
24 26 105.0
24 27 80.0
24 28 112.0
24 29 93.0
24 30 98.0
25 1 88.0
25 2 10.0
25 3 34.0
25 4 33.0
25 5 19.0
25 6 28.0
25 7 12.0
25 8 146.0
25 9 140.0
25 10 145.0
25 11 126.0
25 12 131.0
25 13 133.0
25 14 133.0
25 15 143.0
25 16 124.0
25 17 128.0
25 18 148.0
25 19 100.0
25 20 66.0
25 21 64.0
25 22 114.0
25 23 59.0
25 24 103.0
25 25 0.0
25 26 8.0
25 27 31.0
25 28 25.0
25 29 52.0
25 30 11.0
26 1 90.0
26 2 18.0
26 3 42.0
26 4 35.0
26 5 25.0
26 6 36.0
26 7 14.0
26 8 148.0
26 9 142.0
26 10 147.0
26 11 128.0
26 12 133.0
26 13 135.0
26 14 135.0
26 15 145.0
26 16 126.0
26 17 130.0
26 18 150.0
26 19 102.0
26 20 68.0
26 21 66.0
26 22 116.0
26 23 61.0
26 24 105.0
26 25 8.0
26 26 0.0
26 27 25.0
26 28 17.0
26 29 44.0
26 30 7.0
27 1 65.0
27 2 41.0
27 3 65.0
27 4 36.0
27 5 48.0
27 6 59.0
27 7 33.0
27 8 123.0
27 9 117.0
27 10 122.0
27 11 103.0
27 12 108.0
27 13 110.0
27 14 110.0
27 15 120.0
27 16 101.0
27 17 105.0
27 18 125.0
27 19 77.0
27 20 43.0
27 21 41.0
27 22 91.0
27 23 36.0
27 24 80.0
27 25 31.0
27 26 25.0
27 27 0.0
27 28 32.0
27 29 21.0
27 30 20.0
28 1 97.0
28 2 35.0
28 3 59.0
28 4 42.0
28 5 42.0
28 6 53.0
28 7 27.0
28 8 155.0
28 9 149.0
28 10 154.0
28 11 135.0
28 12 140.0
28 13 142.0
28 14 142.0
28 15 152.0
28 16 133.0
28 17 137.0
28 18 157.0
28 19 109.0
28 20 75.0
28 21 73.0
28 22 123.0
28 23 68.0
28 24 112.0
28 25 25.0
28 26 17.0
28 27 32.0
28 28 0.0
28 29 27.0
28 30 14.0
29 1 78.0
29 2 62.0
29 3 86.0
29 4 57.0
29 5 69.0
29 6 80.0
29 7 54.0
29 8 136.0
29 9 130.0
29 10 135.0
29 11 116.0
29 12 121.0
29 13 123.0
29 14 123.0
29 15 133.0
29 16 114.0
29 17 118.0
29 18 138.0
29 19 90.0
29 20 56.0
29 21 54.0
29 22 104.0
29 23 57.0
29 24 93.0
29 25 52.0
29 26 44.0
29 27 21.0
29 28 27.0
29 29 0.0
29 30 41.0
30 1 83.0
30 2 21.0
30 3 45.0
30 4 28.0
30 5 28.0
30 6 39.0
30 7 13.0
30 8 141.0
30 9 135.0
30 10 140.0
30 11 121.0
30 12 126.0
30 13 128.0
30 14 128.0
30 15 138.0
30 16 119.0
30 17 123.0
30 18 143.0
30 19 95.0
30 20 61.0
30 21 59.0
30 22 109.0
30 23 54.0
30 24 98.0
30 25 11.0
30 26 7.0
30 27 20.0
30 28 14.0
30 29 41.0
30 30 0.0
